Problem        - CUTEr library name
Dim            - problem dimension
Iter           - Number of iterations
Nfunc          - Number of function evaluations
Ngrad          - Number of gradient evaluations
Status         - 0 = error tolerance achieved
Gradient Norm  - Final gradient (sup-norm)
Function Value - Final function value at termination
Seconds        - Solution time in seconds

Stopping condition: ||Projection(x_k - g_k) - x_k||_infty <= 1.e-6

Computer: Dell Precision T7500 with 96 GB memory and dual six core Intel
Xeon Processors (3.46 GZ).  Only one core used.

===========================================================================================
   Problem   Dim     Iter   Nfunc   Ngrad  Status  Gradient Norm   Function Value   Seconds
===========================================================================================
       3PK     30   11989   12412   23843     0    8.9661231e-07    1.7201186e+00     0.054
   ALLINIT      4      14      31      21     0    1.7217216e-08    1.6705968e+01     0.000
     BDEXP   5000       5      11       6     0    3.0840022e-07    1.1988475e-04     0.006
   BIGGSB1   5000   34447   39119   62591     0    9.9294232e-07    1.5000001e-02    12.860
  BLEACHNG     17       5       9       8     0    7.7203310e-10    9.1767578e+03     6.846
   BQP1VAR      1       1       2       2     0    0.0000000e+00    0.0000000e+00     0.000
  BQPGABIM     50      20      37      28     0    6.0383639e-07   -3.7903432e-05     0.000
  BQPGASIM     50      21      38      30     0    1.2076132e-07   -5.5198140e-05     0.000
  BQPGAUSS   2003   15252   30108   23139     0    7.9474445e-07   -3.6257781e-01     5.768
    CAMEL6      2      14      33      22     0    1.3414735e-08   -1.0316285e+00     0.000
  CHEBYQAD    100    1650    3306    1652     0    6.9513071e-07    9.4697452e-03     6.641
  CHENHARK   5000   12627   12635   25240     0    9.5393381e-07   -1.9999994e+00     5.224
   CVXBQP1  10000      13      14      14     0    0.0000000e+00    2.2502250e+06     0.009
   DECONVB     61     238     483     261     0    9.0164940e-07    1.1020334e-08     0.006
   DEGDIAG 100001       1       2       2     0    0.0000000e+00    1.6666583e+04     0.011
  DEGTRID2 100001       1       2       2     0    0.0000000e+00   -9.9999500e+04     0.019
   DEGTRID 100001     196     224     362     0    9.8711008e-07   -9.9999500e+04     2.209
       EG1      3      12      19      14     0    2.8037846e-07   -1.1328008e+00     0.000
   EXPLIN2   1200      44      85      56     0    5.7353520e-07   -7.1998834e+07     0.002
    EXPLIN   1200     260     562     348     0    6.6940976e-07   -7.1925122e+07     0.011
   EXPQUAD   1200     165     412     313     0    5.5622854e-07   -3.6849406e+09     0.025
  HADAMALS    400       7      28      14     0    2.3938474e-07    7.3118431e+03     0.003
     HART6      6      12      28      17     0    1.7821639e-07   -3.3228869e+00     0.001
   HATFLDA      4      34      99      74     0    3.3811345e-07    5.0783759e-14     0.000
   HATFLDB      4      32      96      72     0    1.3825801e-09    5.5728090e-03     0.000
   HATFLDC     25      22      45      23     0    9.7136932e-07    3.6905591e-13     0.000
  HIMMELP1      2       7      12       8     0    1.7303492e-11   -2.3897419e+01     0.000
     HS110     10       6      12       7     0    7.9137763e-10   -4.5778476e+01     0.000
       HS1      2      37      85      49     0    9.5731512e-08    1.4312897e-14     0.000
      HS25      3       0       0       0     0    1.9943868e-08    3.2835000e+01     0.000
       HS2      2       6      14       8     0    6.9219503e-08    4.9412293e+00     0.000
      HS38      4      29      60      31     0    6.6736789e-08    4.5266076e-18     0.000
    HS3MOD      2       3      76       7     0    5.5511151e-17    7.7037198e-34     0.001
       HS3      2       2       3       3     0    7.2259946e-07    1.3053750e-08     0.000
      HS45      5       2       3       3     0    0.0000000e+00    1.0000000e+00     0.000
       HS4      2       1       2       2     0    0.0000000e+00    2.6666667e+00     0.001
       HS5      2       6      13       7     0    8.6233702e-07   -1.9132230e+00     0.000
  JNLBRNG1  10000     513     891     584     0    8.0037467e-07   -1.8057327e-01     1.055
  JNLBRNG2  10000     668     774    1245     0    9.5406011e-07   -4.1486528e+00     1.759
  JNLBRNGA  10000     507     675     833     0    8.7399153e-07   -2.7110178e-01     1.034
  JNLBRNGB  10000    2809    3123    5362     0    9.6622763e-07   -6.3006867e+00     6.207
  KOEBHELB      3     179     478     336     0    2.0511116e-08    7.7516347e+01     0.012
  LINVERSE   1999      49      93      61     0    8.0666698e-07    6.8200000e+02     0.022
    LOGROS      2      53     136      88     0    1.1388224e-07    2.0206059e-14     0.000
   MAXLIKA      8     139     290     161     0    1.5540600e-08    1.1363073e+03     0.035
  MCCORMCK   5000      13      22      18     0    1.7996424e-07   -4.5665806e+03     0.017
    MDHOLE      2      56     145      88     0    4.3368087e-17    4.7019774e-36     0.000
  MINSURFO   5306     362     726     364     0    8.8632448e-07    2.5069493e+00     0.442
  NCVXBQP1  10000       1      11       6     0    0.0000000e+00   -1.9855438e+10     0.005
  NCVXBQP2  10000      48      79      77     0    5.1074312e-07   -1.3340091e+10     0.039
  NCVXBQP3  10000      61      92      85     0    2.5724876e-07   -6.5477379e+09     0.045
  NOBNDTOR   5476     213     368     252     0    9.6152677e-07   -4.4993323e-01     0.213
  NONSCOMP   5000      34      62      35     0    7.5076797e-07    5.9823812e-14     0.016
  OBSTCLAE  10000     394     590     425     0    8.6117743e-07    1.8864612e+00     0.659
  OBSTCLAL  10000     204     314     219     0    9.0330954e-07    1.8864612e+00     0.334
  OBSTCLBL  10000     289     401     307     0    7.9844591e-07    7.2721559e+00     0.472
  OBSTCLBM  10000     166     370     216     0    8.0907412e-07    7.2721559e+00     0.354
  OBSTCLBU  10000     257     330     271     0    8.9326255e-07    7.2721559e+00     0.407
   ODNAMUR  11130   71700  127468  108901     0    8.7471810e-07    9.2365639e+03   103.495
    OSLBQP      8       1       3       2     0    7.1054274e-15    6.2500000e+00     0.000
  PALMER1A      6     174     402     241     0    5.4811135e-08    8.9883058e-02     0.001
  PALMER1B      4      35      95      65     0    1.1956544e-08    3.4473495e+00     0.000
  PALMER1E      8     297     682     386     0    2.7955969e-07    8.3523216e-04     0.004
   PALMER1      4      13      46      36     0    4.3362434e-09    1.1754603e+04     0.000
  PALMER2A      6      64     151      90     0    6.9377596e-07    1.7109717e-02     0.001
  PALMER2B      4      30      80      53     0    1.3470257e-08    6.2326690e-01     0.000
  PALMER2E      8     249     540     301     0    2.1461702e-07    2.0650379e-04     0.002
   PALMER2      4      15      40      29     0    6.3669488e-08    3.6510975e+03     0.000
  PALMER3A      6     133     286     159     0    2.1171517e-07    2.0431426e-02     0.000
  PALMER3B      4      30      85      63     0    8.0320166e-09    4.2276473e+00     0.000
  PALMER3E      8     196     412     223     0    7.7240092e-07    5.0741057e-05     0.001
   PALMER3      4      37     119      76     0    1.0018266e-07    2.2659582e+03     0.000
  PALMER4A      6      87     199     121     0    8.2738149e-07    4.0606141e-02     0.000
  PALMER4B      4      38      93      62     0    5.9222907e-07    6.8351386e+00     0.000
  PALMER4E      8     152     326     178     0    4.0759848e-07    1.4800386e-04     0.001
   PALMER4      4      48     168     116     0    8.8630259e-10    2.2853832e+03     0.001
  PALMER5A      8   21291   34062   51884     0    9.9757356e-07    4.2561237e-02     0.077
  PALMER5B      9    2828    6286    3686     0    1.5886633e-07    9.7524231e-03     0.008
  PALMER5D      8       5      11       6     0    9.6376895e-13    8.7339395e+01     0.000
  PALMER5E      8    3765    7098    6687     0    9.8828400e-07    2.3018636e-02     0.016
  PALMER6A      6     243     552     326     0    5.7376210e-08    5.5948854e-02     0.001
  PALMER6E      8     216     451     239     0    2.6572367e-09    2.2395410e-04     0.001
  PALMER7A      6    7579   13490   17923     0    9.8051499e-07    1.0342921e+01     0.025
  PALMER7E      8     870    1967    1237     0    9.2666240e-07    1.0153900e+01     0.004
  PALMER8A      6     829    1907    1157     0    4.8787732e-08    7.4009699e-02     0.001
  PALMER8E      8     104     218     118     0    2.4306102e-07    6.3393062e-03     0.001
    PENTDI   5000       1       3       2     0    0.0000000e+00   -7.5000000e-01     0.002
  POWELLBC   1000    2190    4337    3379     0    9.9468332e-07    3.1043250e+05    28.469
  PROBPENL    500       1       3       2     0    3.2288330e-07    3.9919839e-07     0.000
    PSPDOC      4      10      21      11     0    3.3990768e-10    2.4142136e+00     0.000
    QR3DLS    610   47658   75660   67394     0    8.8542262e-07    2.2158865e-07    17.546
   QRTQUAD   5000    6191   14191   15231     0    8.2609404e-07   -2.6485449e+11     3.464
    QUDLIN   5000       2       3       3     0    0.0000000e+00   -1.2500000e+09     0.001
      S368      8       8      14       9     0    2.6447877e-07   -7.5000000e-01     0.000
   SIM2BQP      2       1       2       2     0    0.0000000e+00    0.0000000e+00     0.000
    SIMBQP      2       1       2       2     0    0.0000000e+00    0.0000000e+00     0.000
   SINEALI   1000      44      82      70     0    6.6736923e-07   -9.9900962e+04     0.012
    SPECAN      9      32      58      33     0    1.7144276e-08    1.6456558e-13     0.116
  TORSION1   5476     178     290     209     0    7.5300203e-07   -4.3027580e-01     0.170
  TORSION2   5476     215     367     240     0    9.6287136e-07   -4.3027580e-01     0.201
  TORSION3   5476      96     158     111     0    5.9976331e-07   -1.2169561e+00     0.085
  TORSION4   5476      87     134      99     0    9.2118741e-07   -1.2169561e+00     0.078
  TORSION5   5476      41      71      44     0    9.9789727e-07   -2.8633780e+00     0.035
  TORSION6   5476      53      81      58     0    9.8006341e-07   -2.8633780e+00     0.046
  TORSIONA   5476     212     335     257     0    9.7812839e-07   -4.1829615e-01     0.241
  TORSIONB   5476     170     278     202     0    9.6366509e-07   -4.1829615e-01     0.193
  TORSIONC   5476     101     169     114     0    7.2077916e-07   -1.2042089e+00     0.109
  TORSIOND   5476      79      97     112     0    9.3511678e-07   -1.2042089e+00     0.095
  TORSIONE   5476      41      71      44     0    9.2887834e-07   -2.8502479e+00     0.044
  TORSIONF   5476      58      90      63     0    7.2290964e-07   -2.8502479e+00     0.061
     WEEDS      3      80     201     148     0    2.7661599e-08    2.5872774e+00     0.000
      YFIT      3      74     174     108     0    5.0514256e-10    6.6719313e-13     0.000
     AKIVA      2      10      21      11     0    4.8467115e-09    6.1660422e+00     0.000
  ALLINITU      4      12      29      18     0    3.3843279e-08    5.7443849e+00     0.000
   ARGLINA    200       1       3       2     0    1.2409421e-11    2.0000000e+02     0.002
   ARGLINB    200       5      13      13     0    8.3382474e-09    9.9625468e+01     0.007
   ARWHEAD   5000       7      15       8     0    9.9119257e-07    0.0000000e+00     0.005
      BARD      3      16      33      17     0    3.6732482e-09    8.2148773e-03     0.000
   BDQRTIC   5000     136     273     237     0    9.8410349e-07    2.0006257e+04     0.156
     BEALE      2      15      31      16     0    4.4990513e-08    2.7265015e-15     0.001
    BIGGS6      6      27      57      31     0    2.5135427e-08    5.6556498e-03     0.000
      BOX3      3      11      24      13     0    7.5843940e-07    3.8194584e-13     0.000
       BOX  10000       8      25      19     0    1.6687486e-07   -1.8645379e+03     0.032
    BRKMCC      2       5      11       6     0    6.2201466e-08    1.6904268e-01     0.000
   BROWNAL    200       9      25      18     0    4.5402618e-08    2.7044568e-18     0.004
   BROWNBS      2      13      26      15     0    0.0000000e+00    0.0000000e+00     0.000
  BROWNDEN      4      16      31      19     0    1.2820965e-07    8.5822201e+04     0.000
  BROYDN7D   5000    1402    2793    1419     0    7.6676457e-07    2.0063097e+03     3.803
    BRYBND   5000      85     174      90     0    4.9700637e-07    2.5588898e-14     0.087
  CHAINWOO   4000     318     619     373     0    8.5248623e-07    4.5727672e+00     0.229
  CHNROSNB     50     287     564     299     0    5.4138738e-07    6.8181125e-14     0.002
     CLIFF      2      18      70      54     0    2.3160400e-09    1.9978661e-01     0.000
    COSINE  10000      11      39      32     0    2.0742717e-07   -9.9990000e+03     0.057
  CRAGGLVY   5000     103     197     147     0    9.0920239e-07    1.6882153e+03     0.197
      CUBE      2      32      77      47     0    1.2247485e-09    1.2694367e-21     0.000
   CURLY10  10000   47808   67294   76156     0    9.9461503e-07   -1.0031629e+06    67.658
   CURLY20  10000   66587   89245  110540     0    9.8241206e-07   -1.0031629e+06   154.264
   CURLY30  10000   79030  102516  134682     0    8.9366554e-07   -1.0031629e+06   258.425
   DECONVU     61     475     951     476     0    9.1837378e-07    1.1889706e-08     0.009
  DENSCHNA      2       9      19      10     0    3.5273288e-08    3.1668570e-16     0.000
  DENSCHNB      2       7      15       8     0    1.0342574e-08    3.6407409e-17     0.000
  DENSCHNC      2      12      26      14     0    3.2760932e-09    3.2531870e-19     0.000
  DENSCHND      3      47      98      51     0    8.4825128e-07    4.3313480e-10     0.000
  DENSCHNE      3      18      49      32     0    2.8640729e-08    2.5039105e-16     0.000
  DENSCHNF      2       8      17       9     0    6.4551438e-07    2.1261989e-15     0.000
  DIXMAANA   3000       7      15       8     0    4.8314864e-12    1.0000000e+00     0.002
  DIXMAANB   3000       6      13       7     0    8.9774746e-08    1.0000000e+00     0.003
  DIXMAANC   3000       6      13       7     0    7.0332716e-07    1.0000000e+00     0.003
  DIXMAAND   3000       7      15       8     0    7.3560463e-07    1.0000000e+00     0.003
  DIXMAANE   3000     222     239     429     0    9.8403702e-07    1.0000000e+00     0.105
  DIXMAANF   3000     161     323     162     0    8.8563510e-07    1.0000000e+00     0.052
  DIXMAANG   3000     157     315     158     0    9.4422321e-07    1.0000000e+00     0.051
  DIXMAANH   3000     173     347     174     0    9.9204216e-07    1.0000000e+00     0.056
  DIXMAANI   3000    3856    3926    7644     0    9.6819862e-07    1.0000001e+00     1.780
  DIXMAANJ   3000     327     655     328     0    9.8659485e-07    1.0000002e+00     0.103
  DIXMAANK     15      43      87      44     0    7.8455889e-07    1.0000000e+00     0.000
  DIXMAANL   3000     237     475     238     0    9.6713433e-07    1.0000002e+00     0.076
  DIXON3DQ  10000   10000   10007   19995     0    6.6642083e-08    2.9138868e-13     6.731
      DJTL      2      82     917     880     0    8.8649477e-09   -8.9515447e+03     0.001
   DQDRTIC   5000       5      11       6     0    1.9948462e-08    3.4808874e-17     0.004
    DQRTIC   5000      17      37      21     0    7.0514220e-07    2.7590839e-06     0.006
   EDENSCH   2000      26      52      38     0    7.0124978e-07    1.2003285e+04     0.010
       EG2   1000       5      11       6     0    1.2434973e-08   -9.9894739e+02     0.002
  EIGENALS   2550   10083   18020   12244     0    7.5892789e-07    3.2611783e-10    88.150
  EIGENBLS   2550   15301   30603   15302     0    4.9916647e-07    1.9157914e-06   116.538
  EIGENCLS   2652   10136   19292   11118     0    9.9946244e-07    2.3663516e-11    95.778
   ENGVAL1   5000      27      50      36     0    9.3276402e-07    5.5486684e+03     0.020
   ENGVAL2      3      26      61      37     0    8.2364111e-07    1.0341063e-16     0.000
  ERRINROS     50     380     773     425     0    5.1573979e-07    3.9904154e+01     0.003
    EXPFIT      2      13      29      16     0    4.2082900e-07    2.4051059e-01     0.000
  EXTROSNB   1000    3808    7759    3982     0    9.0549910e-07    3.0701688e-07     0.326
  FLETCBV2   5000       0       0       0     0    7.9960014e-08   -5.0026817e-01     0.001
  FLETCHCR   1000     152     290     176     0    5.8328726e-07    7.1290748e-15     0.018
  FMINSRF2   5625     346     693     347     0    9.4412103e-07    1.0000241e+00     0.279
  FMINSURF   5625     473     947     474     0    9.7701151e-07    1.0000000e+00     0.404
  FREUROTH   5000      25      51      38     0    3.3332558e-07    6.0815919e+05     0.030
  GENHUMPS   5000    6413   12841    6432     0    1.8800234e-07    1.6489266e-13    16.358
   GENROSE    500    1078    2167    1101     0    7.6377688e-07    1.0000000e+00     0.062
  GROWTHLS      3     143     425     299     0    3.3170286e-07    1.0040406e+00     0.002
      GULF      3      43      97      56     0    9.8332672e-08    1.8414455e-11     0.004
     HAIRY      2      36      99      65     0    7.9609877e-11    2.0000000e+01     0.000
   HATFLDD      3      20      43      24     0    1.9359505e-07    2.5471486e-07     0.000
   HATFLDE      3      30      72      45     0    1.0667120e-07    5.1203781e-07     0.001
  HATFLDFL      3      39      92      55     0    6.7581940e-07    6.3130568e-05     0.001
  HEART6LS      6     684    1576     941     0    5.5625335e-07    2.6458394e-10     0.001
  HEART8LS      8     249     524     278     0    5.4028063e-07    6.3881639e-14     0.001
     HELIX      3      23      49      27     0    3.1346483e-07    1.6037633e-15     0.000
    HIELOW      3      14      31      18     0    4.7118434e-09    8.7416543e+02     0.031
  HILBERTA      2       2       5       3     0    2.2204460e-16    5.7521108e-32     0.000
  HILBERTB     10       4       9       5     0    2.2720367e-09    9.9477224e-19     0.000
  HIMMELBB      2      10      28      21     0    2.3749509e-07    9.2954831e-13     0.000
  HIMMELBF      4      26      60      36     0    3.7592490e-07    3.1857175e+02     0.000
  HIMMELBG      2       8      20      13     0    5.5176444e-07    3.1734764e-14     0.000
  HIMMELBH      2       7      16       9     0    2.8919978e-11   -1.0000000e+00     0.000
     HUMPS      2      53     165     120     0    8.5523852e-07    3.6818531e-12     0.000
    JENSMP      2      15      33      22     0    5.3023541e-10    1.2436218e+02     0.000
    JIMACK   3549    8309   16619    8310     0    9.5303676e-07    8.6679330e-01  1009.336
    KOWOSB      4      17      39      23     0    3.7035874e-07    3.0780095e-04     0.000
   LIARWHD   5000      21      45      25     0    2.2090905e-07    1.2841272e-18     0.015
  LOGHAIRY      2      27      81      58     0    1.7624983e-10    1.8232156e-01     0.000
   MANCINO    100      11      23      12     0    7.2389312e-08    9.2454276e-21     0.064
  MARATOSB      2    1145    3657    2779     0    3.2161409e-07   -1.0000001e+00     0.001
    MEXHAT      2      20      56      39     0    4.9338312e-09   -4.0010000e-02     0.001
    MOREBV   5000     161     168     317     0    9.9408232e-07    1.0864330e-10     0.109
  MSQRTALS   1024    2905    5815    2911     0    7.8429827e-07    6.9944667e-10     3.593
  MSQRTBLS   1024    2280    4525    2326     0    9.8460715e-07    3.0918954e-10     2.872
    NCB20B   5000    2935    4694    6006     0    9.9827565e-07    7.3513006e+03    50.388
     NCB20   5010    4437    8368    5632     0    8.5098134e-07   -1.1183484e+03    54.916
  NONCVXU2   5000    7161   13419    8066     0    9.9326444e-07    1.1585972e+04     8.546
    NONDIA   5000       7      25      20     0    8.8854080e-10    3.9554748e-25     0.009
  NONDQUAR   5000    1942    3888    1947     0    9.8510436e-07    4.6772702e-06     0.717
  OSBORNEA      5      96     211     119     0    2.3181973e-08    5.4648961e-05     0.001
  OSBORNEB     11      62     127      65     0    4.4268078e-07    4.0137736e-02     0.003
  OSCIPATH     10  310990  670953  367325     0    9.2424569e-07    2.2492725e-05     0.459
  PALMER1C      8      11      26      26     0    1.2541932e-09    9.7605048e-02     0.000
  PALMER1D      7      11      25      25     0    5.8185904e-08    6.5267398e-01     0.000
  PALMER2C      8      11      21      21     0    1.2572807e-08    1.4368886e-02     0.000
  PALMER3C      8      11      20      20     0    1.7537238e-10    1.9537639e-02     0.000
  PALMER4C      8      11      20      20     0    3.9277839e-09    5.0310687e-02     0.000
  PALMER5C      6       6      13       7     0    3.7494174e-12    2.1280866e+00     0.000
  PALMER6C      8      11      24      24     0    5.5195852e-09    1.6387438e-02     0.000
  PALMER7C      8      11      20      20     0    7.1320641e-09    6.0198720e-01     0.001
  PALMER8C      8      11      18      17     0    2.3762348e-09    1.5976783e-01     0.000
    PARKCH     15     700    1434    1158     0    7.2196810e-07    1.6237433e+03    24.527
  PENALTY1   1000      28      69      44     0    4.1081943e-07    9.6861757e-03     0.004
  PENALTY2    200     191     221     354     0    9.3555157e-07    4.7116277e+13     0.022
  PENALTY3    200      99     285     219     0    3.0475494e-07    1.0011921e-03     0.801
  POWELLSG   5000      26      53      27     0    1.2018674e-07    8.6624760e-12     0.008
     POWER  10000     372     754     384     0    9.8725046e-07    1.8984300e-09     0.155
    QUARTC   5000      17      37      21     0    7.0514220e-07    2.7590839e-06     0.007
   ROSENBR      2      34      77      44     0    7.1673465e-08    4.6907185e-18     0.000
      S308      2       8      19      12     0    9.4535388e-07    7.7319906e-01     0.000
  SCHMVETT   5000      43      73      60     0    6.4347042e-07   -1.4994000e+04     0.137
   SENSORS    100      21      50      34     0    3.7814132e-08   -2.1017812e+03     0.213
   SINEVAL      2      60     143      87     0    1.8167757e-11    1.5558489e-23     0.000
   SINQUAD   5000      14      40      33     0    5.1525149e-09   -6.7570138e+06     0.031
    SISSER      2       6      18      14     0    2.2204721e-08    6.8302615e-12     0.000
     SNAIL      2      97     228     134     0    9.9272760e-09    4.6852879e-17     0.000
  SPARSINE   5000   28384   28673   56483     0    8.2242741e-07    7.1258824e-11    54.616
  SPARSQUR  10000      28      61      35     0    1.1572768e-07    9.7199564e-10     0.073
  SPMSRTLS   4999     203     412     210     0    9.8631945e-07    2.9572137e-11     0.163
  SROSENBR   5000      11      23      12     0    4.8301407e-10    4.2376699e-19     0.005
   STRATEC     10     176     364     201     0    3.1011865e-07    2.2122623e+03     3.948
  TESTQUAD   5000    1577    1584    3149     0    8.8133734e-07    1.3242392e-13     0.432
  TOINTGOR     50     135     233     174     0    9.9309743e-07    1.3739055e+03     0.003
  TOINTGSS   5000       4       9       5     0    2.2872519e-07    1.0002001e+01     0.007
  TOINTPSP     50     143     279     182     0    6.8772217e-07    2.2556041e+02     0.001
  TOINTQOR     50      29      36      53     0    4.4669439e-07    1.1754722e+03     0.001
  TQUARTIC   5000      14      40      27     0    4.4292126e-11    2.7558313e-26     0.010
    TRIDIA   5000     782     789    1559     0    9.3021204e-07    4.1500406e-15     0.286
    VARDIM    200      10      21      11     0    2.5822838e-07    4.1676169e-19     0.000
  VAREIGVL     50      23      47      24     0    8.4765966e-07    3.7975332e-13     0.000
  VIBRBEAM      8     144     338     210     0    1.0969597e-07    1.7488668e+00     0.008
    WATSON     12      49     102      54     0    8.0264496e-07    1.5919687e-07     0.001
     WOODS   4000      22      51      30     0    3.1404205e-08    1.5553877e-15     0.009
     YFITU      3      75     177     106     0    3.9096909e-07    8.0744184e-10     0.001
  ZANGWIL2      2       1       3       2     0    3.7895613e-15   -1.8200000e+01     0.000
